147
198
194
137
177
151
165
128
173
150
103
192
130
184
193
174
107
170
149
180
160
111
102
144
146
155
154
132
126
151
169
101
107
137
196
189
132
153
166
164
131
182
171
171
103
173
183
189
163
133
187
194
182
116
133
123
133
159
121
133
133
140
190
195
195
154
137
110
175
182
103
101
100
157
112
161
118
116
182
109
150
130
182
116
181
171
168
126
198
146
172
193
133
146
196
195
139
149
143
166
154
158
125
105
115
169
140
181
111
165
190
140
181
121
148
194
143
130
126
178
182
109
183
191
152
199
179
164
183
159
199
113
120
130
110
155
112
126
186
105
131
199
151
101
132
110
138
163
183
140
139
118
105
138
182
149
197
109
168
135
123
127
132
173
126
138
179
193
166
114
135
191
169
109
116
185
167
114
134
112
160
187
152
143
155
196
149
148
169
147
154
106
157
189
126
191
136
110
133
195
172
161